scores =

          1341.42543015956
          264815.415638638
          84494.9991183318
          46457.0351824851
          198520.032542806
          75840.2240904045
          216039.874820097
           247589.14340127
          259303.814469529
          76254.2436721006
          99962.1817133839
          529597.880380976
          466409.247295993
          224723.543027157
          218810.679799006
          604469.928163235
          634097.349398479
          899663.822998019
          1087164.83732058
          833648.828497944
           87775.301616108
          13827.0831969124
          348527.910110119
          634004.162073574
          1064222.18379278
          595906.594085046
          385811.249029684
           26974.664090202
          486090.194491566

Num correct=1/1 (ratio=1.000000)
progress 2-1
progress 2-2
progress 2-3
progress 2-4
progress 2-5
progress 2-6
progress 2-7
progress 2-8
progress 2-9
progress 2-10
progress 2-11
progress 2-12
progress 2-13
progress 2-14
progress 2-15
progress 2-16
progress 2-17
progress 2-18
progress 2-19
progress 2-20
progress 2-21
progress 2-22
progress 2-23
progress 2-24
progress 2-25
progress 2-26
progress 2-27
progress 2-28
progress 2-29

scores =

          468555.071247402
          1201.80610879531
          912074.052263577
          571756.187798758
          1456596.60639139
          834294.867001016
          521254.967730735
          1680526.77104158
          491670.407245903
          505160.994360059
          60483.2839849079
          144733.639843253
          2355196.43045075
          53972.3406944539
          134334.525289964
          2459712.50250812
          137401.178142299
          110318.402840621
          3459212.28098638
          2668409.00988154
          1101052.00666179
          341478.646082091
          49783.3146766007
           152598.80979746
          72058.0707014684
          1904585.29793167
          1976392.71133038
          180094.165993103
          73009.4286463437

Num correct=2/2 (ratio=1.000000)
progress 3-1
progress 3-2
progress 3-3
progress 3-4
progress 3-5
progress 3-6
progress 3-7
progress 3-8
progress 3-9
progress 3-10
progress 3-11
progress 3-12
progress 3-13
progress 3-14
progress 3-15
progress 3-16
progress 3-17
progress 3-18
progress 3-19
progress 3-20
progress 3-21
progress 3-22
progress 3-23
progress 3-24
progress 3-25
progress 3-26
progress 3-27
progress 3-28
progress 3-29

scores =

          33442.7159612181
          778892.368557786
          183.274173434016
          42608.4924207412
          77432.7909201145
          96594.5490417058
          133387.569571601
          61461.1945673126
          143063.940036281
          134840.188585686
          214606.843303945
          467544.384431835
          146974.462555465
          633720.433678917
          250214.439366382
          251859.896681385
          975764.966786255
          1786467.70739553
          438595.776123835
           471390.33094418
          36519.0231860535
          92264.9064253809
          765964.041967797
          1271497.00485568
          1290105.48881377
          219371.104848901
          157564.522363563
          155015.749787582
          1103784.47753964

Num correct=3/3 (ratio=1.000000)
progress 4-1
progress 4-2
progress 4-3
progress 4-4
progress 4-5
progress 4-6
progress 4-7
progress 4-8
progress 4-9
progress 4-10
progress 4-11
progress 4-12
progress 4-13
progress 4-14
progress 4-15
progress 4-16
progress 4-17
progress 4-18
progress 4-19
progress 4-20
progress 4-21
progress 4-22
progress 4-23
progress 4-24
progress 4-25
progress 4-26
progress 4-27
progress 4-28
progress 4-29

scores =

          95859.8971297835
          506196.781115415
          64422.6378595784
          922.292638253998
          84664.1755136254
          63898.4301911411
          156387.395423526
          124715.545814585
          285721.897294272
          15086.9833575634
           386069.62117677
          271360.150211401
          536192.117959834
          750704.277102019
          156087.955562048
          370086.732701908
          1066881.93871699
          1136208.87988681
          730831.442209579
          637542.208906318
          162721.403752675
          87671.2446802571
          651535.851656834
           1287212.3246488
          998211.628836565
          454897.908514336
          380079.065289038
          167608.409303922
           1002691.0455344

Num correct=4/4 (ratio=1.000000)
progress 5-1
progress 5-2
progress 5-3
progress 5-4
progress 5-5
progress 5-6
progress 5-7
progress 5-8
progress 5-9
progress 5-10
progress 5-11
progress 5-12
progress 5-13
progress 5-14
progress 5-15
progress 5-16
progress 5-17
progress 5-18
progress 5-19
progress 5-20
progress 5-21
progress 5-22
progress 5-23
progress 5-24
progress 5-25
progress 5-26
progress 5-27
progress 5-28
progress 5-29

scores =

          312387.191598876
           1472049.3925237
          145805.614745965
          93324.1254943505
          1179.19669746136
          67780.2917620646
          280244.026305925
          25886.0251282487
          351709.894611552
          103441.342625802
          983468.675151232
          1186657.82133099
          120221.762870556
          1701457.09808627
          626009.292034913
            46537.04163459
          2292729.97054725
          2662054.58413981
          287209.956558376
          169519.593840341
          80917.9275919198
          327353.178023889
          1522417.54821259
           2421986.8569602
          2179099.02951355
           176703.39713632
          60901.3086627214
          635565.789115501
          2028198.29470087

Num correct=5/5 (ratio=1.000000)
progress 6-1
progress 6-2
progress 6-3
progress 6-4
progress 6-5
progress 6-6
progress 6-7
progress 6-8
progress 6-9
progress 6-10
progress 6-11
progress 6-12
progress 6-13
progress 6-14
progress 6-15
progress 6-16
progress 6-17
progress 6-18
progress 6-19
progress 6-20
progress 6-21
progress 6-22
progress 6-23
progress 6-24
progress 6-25
progress 6-26
progress 6-27
progress 6-28
progress 6-29

scores =

          143361.769904283
          1134020.02410856
          61136.4722537482
          80147.3573228861
          53355.2235829438
          1841.90234751907
          101552.554533585
          70315.8516881683
          103277.297695975
          118873.645441089
          702461.293647473
          811475.188863589
          251600.698083072
          1387424.16627518
          291504.243753938
          230678.475399636
          1682042.97565759
          2134184.28246395
          620989.391221076
          352885.409907754
          21584.0916693584
          175172.635851102
          1237242.85333585
          2049487.26139054
          1702035.14888576
          223394.610676025
          116587.276919943
          374100.269515004
           1774457.3345079

Num correct=6/6 (ratio=1.000000)
progress 7-1
progress 7-2
progress 7-3
progress 7-4
progress 7-5
progress 7-6
progress 7-7
progress 7-8
progress 7-9
progress 7-10
progress 7-11
progress 7-12
progress 7-13
progress 7-14
progress 7-15
progress 7-16
progress 7-17
progress 7-18
progress 7-19
progress 7-20
progress 7-21
progress 7-22
progress 7-23
progress 7-24
progress 7-25
progress 7-26
progress 7-27
progress 7-28
progress 7-29

